v,e,w,j,p,q,s,t,op_count
18,34,1,0,1,1,1,0,2294
23,44,1,0,1,1,1,1,2746
19,36,1,0,1,1,1,2,1483
19,36,1,0,1,1,1,3,1996
19,36,1,0,1,1,1,4,1495
19,36,1,0,1,1,1,5,1720
23,44,1,0,1,1,1,6,3326
19,36,1,0,1,1,1,7,2310
19,36,1,0,1,1,1,8,2231
24,46,1,0,1,1,1,9,1599
19,36,1,0,1,1,1,10,1434
27,52,1,0,1,1,1,11,2749
24,46,1,0,1,1,1,12,2957
21,40,1,0,1,1,1,13,1899
22,42,1,0,1,1,1,14,2174
21,40,1,0,1,1,1,15,2086
22,42,1,0,1,1,1,16,2581
24,46,1,0,1,1,1,17,2492
26,50,1,0,1,1,1,18,1631
23,44,1,0,1,1,1,19,3142
19,36,1,0,1,1,1,20,2374
25,48,1,0,1,1,1,21,1785
20,38,1,0,1,1,1,22,1682
23,44,1,0,1,1,1,23,1559
27,52,1,0,1,1,1,24,1953
21,40,1,0,1,1,1,25,1386
21,40,1,0,1,1,1,26,2714
23,44,1,0,1,1,1,27,1583
25,48,1,0,1,1,1,28,2508
25,48,1,0,1,1,1,29,2092
22,42,1,0,1,1,1,30,2358
28,54,1,0,1,1,1,31,3645
21,40,1,0,1,1,1,32,2078
21,40,1,0,1,1,1,33,2028
13,24,1,0,1,1,1,34,1532
20,38,1,0,1,1,1,35,1841
25,48,1,0,1,1,1,36,1762
20,38,1,0,1,1,1,37,2390
28,54,1,0,1,1,1,38,1969
31,60,1,0,1,1,1,39,2580
23,44,1,0,1,1,1,40,1753
24,46,1,0,1,1,1,41,3267
23,44,1,0,1,1,1,42,2746
25,48,1,0,1,1,1,43,2749
23,44,1,0,1,1,1,44,2906
22,42,1,0,1,1,1,45,1426
21,40,1,0,1,1,1,46,1974
25,48,1,0,1,1,1,47,2371
19,36,1,0,1,1,1,48,1519
28,54,1,0,1,1,1,49,2518
26,50,1,0,1,1,1,50,2359
19,36,1,0,1,1,1,51,2058
23,44,1,0,1,1,1,52,2525
21,40,1,0,1,1,1,53,1721
25,48,1,0,1,1,1,54,2917
22,42,1,0,1,1,1,55,2510
19,36,1,0,1,1,1,56,2069
20,38,1,0,1,1,1,57,2291
25,48,1,0,1,1,1,58,1615
22,42,1,0,1,1,1,59,2568
23,44,1,0,1,1,1,60,1969
17,32,1,0,1,1,1,61,2599
27,52,1,0,1,1,1,62,2084
23,44,1,0,1,1,1,63,1418
16,30,1,0,1,1,1,64,1688
22,42,1,0,1,1,1,65,2521
15,28,1,0,1,1,1,66,2211
27,52,1,0,1,1,1,67,2615
22,42,1,0,1,1,1,68,2203
26,50,1,0,1,1,1,69,2486
20,38,1,0,1,1,1,70,1705
22,42,1,0,1,1,1,71,2044
21,40,1,0,1,1,1,72,2828
18,34,1,0,1,1,1,73,2509
22,42,1,0,1,1,1,74,1873
17,32,1,0,1,1,1,75,2150
23,44,1,0,1,1,1,76,2295
17,32,1,0,1,1,1,77,1487
23,44,1,0,1,1,1,78,2344
26,50,1,0,1,1,1,79,2977
23,44,1,0,1,1,1,80,2081
19,36,1,0,1,1,1,81,1825
21,40,1,0,1,1,1,82,2557
27,52,1,0,1,1,1,83,1482
29,56,1,0,1,1,1,84,3122
26,50,1,0,1,1,1,85,2666
20,38,1,0,1,1,1,86,1817
21,40,1,0,1,1,1,87,2405
27,52,1,0,1,1,1,88,2307
24,46,1,0,1,1,1,89,2211
20,38,1,0,1,1,1,90,1841
15,28,1,0,1,1,1,91,1764
25,48,1,0,1,1,1,92,2095
19,36,1,0,1,1,1,93,2280
23,44,1,0,1,1,1,94,3389
17,32,1,0,1,1,1,95,1910
21,40,1,0,1,1,1,96,1386
23,44,1,0,1,1,1,97,2036
23,44,1,0,1,1,1,98,2344
19,36,1,0,1,1,1,99,2131
47,90,2,2,1,1,1,0,4702
54,104,2,2,1,1,1,1,5473
53,102,2,2,1,1,1,2,4479
52,100,2,2,1,1,1,3,4564
48,92,2,2,1,1,1,4,5157
40,76,2,2,1,1,1,5,5589
48,92,2,2,1,1,1,6,5065
52,100,2,2,1,1,1,7,4652
45,86,2,2,1,1,1,8,4932
43,82,2,2,1,1,1,9,5141
49,94,2,2,1,1,1,10,4324
42,80,2,2,1,1,1,11,4674
48,92,2,2,1,1,1,12,3382
45,86,2,2,1,1,1,13,4336
58,112,2,2,1,1,1,14,4250
46,88,2,2,1,1,1,15,5871
41,78,2,2,1,1,1,16,4240
54,104,2,2,1,1,1,17,7001
43,82,2,2,1,1,1,18,4970
35,66,2,2,1,1,1,19,4266
37,70,2,2,1,1,1,20,3418
47,90,2,2,1,1,1,21,4938
50,96,2,2,1,1,1,22,4800
46,88,2,2,1,1,1,23,5642
46,88,2,2,1,1,1,24,5001
46,88,2,2,1,1,1,25,6830
49,94,2,2,1,1,1,26,5456
48,92,2,2,1,1,1,27,7025
49,94,2,2,1,1,1,28,4361
44,84,2,2,1,1,1,29,4388
64,124,2,2,1,1,1,30,7738
53,102,2,2,1,1,1,31,6199
46,88,2,2,1,1,1,32,4375
53,102,2,2,1,1,1,33,3576
47,90,2,2,1,1,1,34,5874
43,82,2,2,1,1,1,35,4552
42,80,2,2,1,1,1,36,4222
48,92,2,2,1,1,1,37,4763
42,80,2,2,1,1,1,38,4366
49,94,2,2,1,1,1,39,4995
43,82,2,2,1,1,1,40,3907
56,108,2,2,1,1,1,41,3643
47,90,2,2,1,1,1,42,4245
39,74,2,2,1,1,1,43,4520
48,92,2,2,1,1,1,44,4979
41,78,2,2,1,1,1,45,4064
57,110,2,2,1,1,1,46,5555
44,84,2,2,1,1,1,47,4637
47,90,2,2,1,1,1,48,4471
52,100,2,2,1,1,1,49,6568
40,76,2,2,1,1,1,50,5269
40,76,2,2,1,1,1,51,3295
41,78,2,2,1,1,1,52,5448
53,102,2,2,1,1,1,53,5812
53,102,2,2,1,1,1,54,6028
39,74,2,2,1,1,1,55,5209
51,98,2,2,1,1,1,56,4876
50,96,2,2,1,1,1,57,3891
52,100,2,2,1,1,1,58,4717
40,76,2,2,1,1,1,59,4181
56,108,2,2,1,1,1,60,5805
41,78,2,2,1,1,1,61,5036
52,100,2,2,1,1,1,62,5629
49,94,2,2,1,1,1,63,4624
43,82,2,2,1,1,1,64,3740
50,96,2,2,1,1,1,65,5890
43,82,2,2,1,1,1,66,5001
44,84,2,2,1,1,1,67,4791
50,96,2,2,1,1,1,68,5704
44,84,2,2,1,1,1,69,4998
50,96,2,2,1,1,1,70,5400
46,88,2,2,1,1,1,71,3500
44,84,2,2,1,1,1,72,5045
45,86,2,2,1,1,1,73,4458
44,84,2,2,1,1,1,74,5197
51,98,2,2,1,1,1,75,6093
45,86,2,2,1,1,1,76,4408
51,98,2,2,1,1,1,77,4946
45,86,2,2,1,1,1,78,3740
46,88,2,2,1,1,1,79,4360
52,100,2,2,1,1,1,80,5063
51,98,2,2,1,1,1,81,4690
44,84,2,2,1,1,1,82,5172
53,102,2,2,1,1,1,83,5885
45,86,2,2,1,1,1,84,3579
41,78,2,2,1,1,1,85,4264
40,76,2,2,1,1,1,86,3989
50,96,2,2,1,1,1,87,3839
48,92,2,2,1,1,1,88,5369
44,84,2,2,1,1,1,89,4402
47,90,2,2,1,1,1,90,4318
56,108,2,2,1,1,1,91,6251
47,90,2,2,1,1,1,92,5332
48,92,2,2,1,1,1,93,4448
52,100,2,2,1,1,1,94,7257
48,92,2,2,1,1,1,95,6653
46,88,2,2,1,1,1,96,5467
50,96,2,2,1,1,1,97,4801
46,88,2,2,1,1,1,98,4639
50,96,2,2,1,1,1,99,4356
46,88,2,2,2,1,1,0,8592
47,90,2,2,2,1,1,1,8198
54,104,2,2,2,1,1,2,9335
61,118,2,2,2,1,1,3,7862
39,74,2,2,2,1,1,4,6496
50,96,2,2,2,1,1,5,6999
37,70,2,2,2,1,1,6,5808
50,96,2,2,2,1,1,7,7888
41,78,2,2,2,1,1,8,6917
53,102,2,2,2,1,1,9,9132
47,90,2,2,2,1,1,10,7984
46,88,2,2,2,1,1,11,6114
53,102,2,2,2,1,1,12,6780
46,88,2,2,2,1,1,13,7371
44,84,2,2,2,1,1,14,7839
46,88,2,2,2,1,1,15,9095
46,88,2,2,2,1,1,16,7372
41,78,2,2,2,1,1,17,7495
49,94,2,2,2,1,1,18,7687
48,92,2,2,2,1,1,19,8190
40,76,2,2,2,1,1,20,6597
44,84,2,2,2,1,1,21,5201
52,100,2,2,2,1,1,22,7464
54,104,2,2,2,1,1,23,8612
49,94,2,2,2,1,1,24,6703
46,88,2,2,2,1,1,25,6800
43,82,2,2,2,1,1,26,6935
51,98,2,2,2,1,1,27,8678
36,68,2,2,2,1,1,28,6402
42,80,2,2,2,1,1,29,6481
45,86,2,2,2,1,1,30,5841
47,90,2,2,2,1,1,31,7427
46,88,2,2,2,1,1,32,6094
43,82,2,2,2,1,1,33,6720
47,90,2,2,2,1,1,34,8905
52,100,2,2,2,1,1,35,7860
49,94,2,2,2,1,1,36,6359
47,90,2,2,2,1,1,37,6416
48,92,2,2,2,1,1,38,6346
53,102,2,2,2,1,1,39,7888
46,88,2,2,2,1,1,40,5647
57,110,2,2,2,1,1,41,7973
46,88,2,2,2,1,1,42,10068
55,106,2,2,2,1,1,43,8551
48,92,2,2,2,1,1,44,7410
50,96,2,2,2,1,1,45,6628
47,90,2,2,2,1,1,46,6737
58,112,2,2,2,1,1,47,7963
47,90,2,2,2,1,1,48,6381
49,94,2,2,2,1,1,49,8812
44,84,2,2,2,1,1,50,6862
41,78,2,2,2,1,1,51,7676
41,78,2,2,2,1,1,52,5913
49,94,2,2,2,1,1,53,7525
45,86,2,2,2,1,1,54,6802
41,78,2,2,2,1,1,55,6736
48,92,2,2,2,1,1,56,6345
43,82,2,2,2,1,1,57,6479
52,100,2,2,2,1,1,58,5802
43,82,2,2,2,1,1,59,7106
46,88,2,2,2,1,1,60,8451
46,88,2,2,2,1,1,61,7716
45,86,2,2,2,1,1,62,5399
49,94,2,2,2,1,1,63,7730
53,102,2,2,2,1,1,64,7813
49,94,2,2,2,1,1,65,7889
48,92,2,2,2,1,1,66,6320
47,90,2,2,2,1,1,67,6281
48,92,2,2,2,1,1,68,8414
55,106,2,2,2,1,1,69,7765
47,90,2,2,2,1,1,70,6958
44,84,2,2,2,1,1,71,6842
51,98,2,2,2,1,1,72,8355
43,82,2,2,2,1,1,73,6120
41,78,2,2,2,1,1,74,8422
52,100,2,2,2,1,1,75,7540
43,82,2,2,2,1,1,76,7503
53,102,2,2,2,1,1,77,8792
41,78,2,2,2,1,1,78,6005
42,80,2,2,2,1,1,79,6965
49,94,2,2,2,1,1,80,6178
52,100,2,2,2,1,1,81,8120
50,96,2,2,2,1,1,82,8519
50,96,2,2,2,1,1,83,5992
45,86,2,2,2,1,1,84,7855
53,102,2,2,2,1,1,85,7622
49,94,2,2,2,1,1,86,7992
51,98,2,2,2,1,1,87,7272
47,90,2,2,2,1,1,88,8323
50,96,2,2,2,1,1,89,8044
47,90,2,2,2,1,1,90,8201
54,104,2,2,2,1,1,91,10663
40,76,2,2,2,1,1,92,6929
50,96,2,2,2,1,1,93,8501
40,76,2,2,2,1,1,94,7518
40,76,2,2,2,1,1,95,7463
46,88,2,2,2,1,1,96,7235
41,78,2,2,2,1,1,97,6207
46,88,2,2,2,1,1,98,7454
41,78,2,2,2,1,1,99,5760
47,90,2,2,2,1,2,0,7757
49,94,2,2,2,1,2,1,6706
48,92,2,2,2,1,2,2,8284
47,90,2,2,2,1,2,3,7737
48,92,2,2,2,1,2,4,7853
51,98,2,2,2,1,2,5,7502
48,92,2,2,2,1,2,6,7135
48,92,2,2,2,1,2,7,8689
46,88,2,2,2,1,2,8,7280
41,78,2,2,2,1,2,9,6393
49,94,2,2,2,1,2,10,7332
42,80,2,2,2,1,2,11,6318
52,100,2,2,2,1,2,12,7592
49,94,2,2,2,1,2,13,8607
52,100,2,2,2,1,2,14,7580
40,76,2,2,2,1,2,15,7406
47,90,2,2,2,1,2,16,8140
49,94,2,2,2,1,2,17,5977
40,76,2,2,2,1,2,18,6708
43,82,2,2,2,1,2,19,6609
47,90,2,2,2,1,2,20,6864
45,86,2,2,2,1,2,21,7653
46,88,2,2,2,1,2,22,6950
49,94,2,2,2,1,2,23,6660
48,92,2,2,2,1,2,24,7639
45,86,2,2,2,1,2,25,5514
41,78,2,2,2,1,2,26,5603
50,96,2,2,2,1,2,27,7383
46,88,2,2,2,1,2,28,6831
42,80,2,2,2,1,2,29,6549
45,86,2,2,2,1,2,30,8418
55,106,2,2,2,1,2,31,9868
46,88,2,2,2,1,2,32,8977
47,90,2,2,2,1,2,33,7563
46,88,2,2,2,1,2,34,7231
37,70,2,2,2,1,2,35,6598
60,116,2,2,2,1,2,36,7752
45,86,2,2,2,1,2,37,8542
51,98,2,2,2,1,2,38,7802
47,90,2,2,2,1,2,39,7229
38,72,2,2,2,1,2,40,6302
39,74,2,2,2,1,2,41,6612
41,78,2,2,2,1,2,42,7507
54,104,2,2,2,1,2,43,6934
50,96,2,2,2,1,2,44,7773
56,108,2,2,2,1,2,45,8300
43,82,2,2,2,1,2,46,6543
48,92,2,2,2,1,2,47,10724
52,100,2,2,2,1,2,48,7586
50,96,2,2,2,1,2,49,6298
46,88,2,2,2,1,2,50,6375
41,78,2,2,2,1,2,51,7856
50,96,2,2,2,1,2,52,6764
43,82,2,2,2,1,2,53,5929
53,102,2,2,2,1,2,54,8711
57,110,2,2,2,1,2,55,8221
43,82,2,2,2,1,2,56,5989
48,92,2,2,2,1,2,57,6856
47,90,2,2,2,1,2,58,9751
50,96,2,2,2,1,2,59,7993
37,70,2,2,2,1,2,60,5487
47,90,2,2,2,1,2,61,7444
53,102,2,2,2,1,2,62,7946
43,82,2,2,2,1,2,63,7065
42,80,2,2,2,1,2,64,6808
47,90,2,2,2,1,2,65,7717
36,68,2,2,2,1,2,66,5695
49,94,2,2,2,1,2,67,6982
45,86,2,2,2,1,2,68,7738
47,90,2,2,2,1,2,69,6221
48,92,2,2,2,1,2,70,6013
52,100,2,2,2,1,2,71,6186
48,92,2,2,2,1,2,72,8219
42,80,2,2,2,1,2,73,6953
49,94,2,2,2,1,2,74,6617
45,86,2,2,2,1,2,75,8648
43,82,2,2,2,1,2,76,7312
39,74,2,2,2,1,2,77,6511
37,70,2,2,2,1,2,78,6938
52,100,2,2,2,1,2,79,9200
42,80,2,2,2,1,2,80,6777
54,104,2,2,2,1,2,81,9331
41,78,2,2,2,1,2,82,6017
44,84,2,2,2,1,2,83,7306
43,82,2,2,2,1,2,84,7161
39,74,2,2,2,1,2,85,5567
42,80,2,2,2,1,2,86,6821
47,90,2,2,2,1,2,87,6869
47,90,2,2,2,1,2,88,6273
43,82,2,2,2,1,2,89,6479
53,102,2,2,2,1,2,90,9315
46,88,2,2,2,1,2,91,8712
47,90,2,2,2,1,2,92,6484
46,88,2,2,2,1,2,93,7245
49,94,2,2,2,1,2,94,8139
47,90,2,2,2,1,2,95,6642
45,86,2,2,2,1,2,96,6147
54,104,2,2,2,1,2,97,7833
52,100,2,2,2,1,2,98,6775
41,78,2,2,2,1,2,99,6853
43,82,2,2,1,2,1,0,5900
45,86,2,2,1,2,1,1,6882
42,80,2,2,1,2,1,2,5194
49,94,2,2,1,2,1,3,6067
49,94,2,2,1,2,1,4,5183
49,94,2,2,1,2,1,5,5844
55,106,2,2,1,2,1,6,6362
46,88,2,2,1,2,1,7,5281
49,94,2,2,1,2,1,8,7296
43,82,2,2,1,2,1,9,6575
47,90,2,2,1,2,1,10,5358
51,98,2,2,1,2,1,11,5936
50,96,2,2,1,2,1,12,5207
48,92,2,2,1,2,1,13,4563
45,86,2,2,1,2,1,14,4840
43,82,2,2,1,2,1,15,4140
58,112,2,2,1,2,1,16,7359
53,102,2,2,1,2,1,17,4653
49,94,2,2,1,2,1,18,5996
48,92,2,2,1,2,1,19,7051
57,110,2,2,1,2,1,20,5970
49,94,2,2,1,2,1,21,6135
47,90,2,2,1,2,1,22,6532
55,106,2,2,1,2,1,23,6526
46,88,2,2,1,2,1,24,6655
45,86,2,2,1,2,1,25,4986
48,92,2,2,1,2,1,26,5699
52,100,2,2,1,2,1,27,8139
58,112,2,2,1,2,1,28,6365
52,100,2,2,1,2,1,29,8215
50,96,2,2,1,2,1,30,4549
57,110,2,2,1,2,1,31,5819
46,88,2,2,1,2,1,32,6970
58,112,2,2,1,2,1,33,5897
50,96,2,2,1,2,1,34,6223
39,74,2,2,1,2,1,35,6251
53,102,2,2,1,2,1,36,6402
39,74,2,2,1,2,1,37,5917
62,120,2,2,1,2,1,38,8136
42,80,2,2,1,2,1,39,4939
45,86,2,2,1,2,1,40,5489
43,82,2,2,1,2,1,41,5170
40,76,2,2,1,2,1,42,5720
43,82,2,2,1,2,1,43,6707
42,80,2,2,1,2,1,44,6145
46,88,2,2,1,2,1,45,5130
42,80,2,2,1,2,1,46,5638
47,90,2,2,1,2,1,47,7975
42,80,2,2,1,2,1,48,6177
34,64,2,2,1,2,1,49,5199
49,94,2,2,1,2,1,50,5587
42,80,2,2,1,2,1,51,6107
36,68,2,2,1,2,1,52,4350
44,84,2,2,1,2,1,53,4246
50,96,2,2,1,2,1,54,5648
45,86,2,2,1,2,1,55,6012
52,100,2,2,1,2,1,56,8636
36,68,2,2,1,2,1,57,5390
48,92,2,2,1,2,1,58,5173
42,80,2,2,1,2,1,59,5198
45,86,2,2,1,2,1,60,7864
45,86,2,2,1,2,1,61,6226
48,92,2,2,1,2,1,62,5894
49,94,2,2,1,2,1,63,6214
52,100,2,2,1,2,1,64,5139
43,82,2,2,1,2,1,65,5940
52,100,2,2,1,2,1,66,5536
52,100,2,2,1,2,1,67,6777
49,94,2,2,1,2,1,68,5530
42,80,2,2,1,2,1,69,5093
54,104,2,2,1,2,1,70,6832
54,104,2,2,1,2,1,71,5566
44,84,2,2,1,2,1,72,4928
45,86,2,2,1,2,1,73,5642
50,96,2,2,1,2,1,74,8237
51,98,2,2,1,2,1,75,4601
53,102,2,2,1,2,1,76,7312
53,102,2,2,1,2,1,77,6593
50,96,2,2,1,2,1,78,6120
35,66,2,2,1,2,1,79,4651
50,96,2,2,1,2,1,80,5289
45,86,2,2,1,2,1,81,5588
54,104,2,2,1,2,1,82,7528
44,84,2,2,1,2,1,83,5308
39,74,2,2,1,2,1,84,5214
45,86,2,2,1,2,1,85,5010
56,108,2,2,1,2,1,86,6641
55,106,2,2,1,2,1,87,6017
50,96,2,2,1,2,1,88,5414
50,96,2,2,1,2,1,89,5531
51,98,2,2,1,2,1,90,6126
49,94,2,2,1,2,1,91,5043
47,90,2,2,1,2,1,92,5709
56,108,2,2,1,2,1,93,5485
42,80,2,2,1,2,1,94,4928
51,98,2,2,1,2,1,95,6182
42,80,2,2,1,2,1,96,4242
49,94,2,2,1,2,1,97,6209
55,106,2,2,1,2,1,98,5785
50,96,2,2,1,2,1,99,5341
42,80,2,2,2,2,1,0,8324
45,86,2,2,2,2,1,1,7767
51,98,2,2,2,2,1,2,11309
47,90,2,2,2,2,1,3,8410
46,88,2,2,2,2,1,4,12060
50,96,2,2,2,2,1,5,7928
42,80,2,2,2,2,1,6,8778
50,96,2,2,2,2,1,7,11328
53,102,2,2,2,2,1,8,9681
49,94,2,2,2,2,1,9,11019
34,64,2,2,2,2,1,10,7974
51,98,2,2,2,2,1,11,9106
51,98,2,2,2,2,1,12,8246
42,80,2,2,2,2,1,13,7723
52,100,2,2,2,2,1,14,6827
40,76,2,2,2,2,1,15,7739
48,92,2,2,2,2,1,16,8427
46,88,2,2,2,2,1,17,8177
40,76,2,2,2,2,1,18,8470
45,86,2,2,2,2,1,19,7620
47,90,2,2,2,2,1,20,8444
53,102,2,2,2,2,1,21,8571
48,92,2,2,2,2,1,22,7543
47,90,2,2,2,2,1,23,9600
50,96,2,2,2,2,1,24,7891
52,100,2,2,2,2,1,25,8168
43,82,2,2,2,2,1,26,8534
46,88,2,2,2,2,1,27,9689
49,94,2,2,2,2,1,28,10131
53,102,2,2,2,2,1,29,9139
39,74,2,2,2,2,1,30,6854
53,102,2,2,2,2,1,31,9361
44,84,2,2,2,2,1,32,8406
50,96,2,2,2,2,1,33,9675
52,100,2,2,2,2,1,34,9229
58,112,2,2,2,2,1,35,9343
48,92,2,2,2,2,1,36,9281
46,88,2,2,2,2,1,37,7319
47,90,2,2,2,2,1,38,7803
51,98,2,2,2,2,1,39,9072
43,82,2,2,2,2,1,40,8660
52,100,2,2,2,2,1,41,8527
55,106,2,2,2,2,1,42,10423
46,88,2,2,2,2,1,43,10020
46,88,2,2,2,2,1,44,6260
39,74,2,2,2,2,1,45,7021
58,112,2,2,2,2,1,46,9611
51,98,2,2,2,2,1,47,7095
47,90,2,2,2,2,1,48,7862
47,90,2,2,2,2,1,49,8627
41,78,2,2,2,2,1,50,7482
50,96,2,2,2,2,1,51,9013
47,90,2,2,2,2,1,52,7032
46,88,2,2,2,2,1,53,7215
46,88,2,2,2,2,1,54,9308
44,84,2,2,2,2,1,55,7380
47,90,2,2,2,2,1,56,9016
53,102,2,2,2,2,1,57,7349
50,96,2,2,2,2,1,58,7037
47,90,2,2,2,2,1,59,7229
54,104,2,2,2,2,1,60,9429
50,96,2,2,2,2,1,61,7502
48,92,2,2,2,2,1,62,7679
48,92,2,2,2,2,1,63,8396
52,100,2,2,2,2,1,64,8369
50,96,2,2,2,2,1,65,10873
46,88,2,2,2,2,1,66,8048
47,90,2,2,2,2,1,67,7907
52,100,2,2,2,2,1,68,8462
48,92,2,2,2,2,1,69,9447
43,82,2,2,2,2,1,70,7541
41,78,2,2,2,2,1,71,6694
47,90,2,2,2,2,1,72,8031
57,110,2,2,2,2,1,73,9462
49,94,2,2,2,2,1,74,9410
47,90,2,2,2,2,1,75,7685
48,92,2,2,2,2,1,76,8647
45,86,2,2,2,2,1,77,6555
42,80,2,2,2,2,1,78,8328
43,82,2,2,2,2,1,79,9272
55,106,2,2,2,2,1,80,9386
47,90,2,2,2,2,1,81,9172
47,90,2,2,2,2,1,82,8839
43,82,2,2,2,2,1,83,8523
40,76,2,2,2,2,1,84,6937
42,80,2,2,2,2,1,85,8201
58,112,2,2,2,2,1,86,8779
57,110,2,2,2,2,1,87,8335
44,84,2,2,2,2,1,88,8531
45,86,2,2,2,2,1,89,5887
51,98,2,2,2,2,1,90,7203
50,96,2,2,2,2,1,91,8884
46,88,2,2,2,2,1,92,7852
50,96,2,2,2,2,1,93,9683
48,92,2,2,2,2,1,94,9317
53,102,2,2,2,2,1,95,9391
49,94,2,2,2,2,1,96,9223
42,80,2,2,2,2,1,97,9163
46,88,2,2,2,2,1,98,7638
50,96,2,2,2,2,1,99,8107
45,86,2,2,2,2,2,0,8399
55,106,2,2,2,2,2,1,10040
56,108,2,2,2,2,2,2,7121
51,98,2,2,2,2,2,3,8959
47,90,2,2,2,2,2,4,6499
44,84,2,2,2,2,2,5,8082
40,76,2,2,2,2,2,6,7393
48,92,2,2,2,2,2,7,8378
49,94,2,2,2,2,2,8,7304
54,104,2,2,2,2,2,9,8611
40,76,2,2,2,2,2,10,7825
52,100,2,2,2,2,2,11,8950
55,106,2,2,2,2,2,12,10237
51,98,2,2,2,2,2,13,8560
56,108,2,2,2,2,2,14,9356
52,100,2,2,2,2,2,15,10255
50,96,2,2,2,2,2,16,8326
48,92,2,2,2,2,2,17,7442
47,90,2,2,2,2,2,18,6900
41,78,2,2,2,2,2,19,7753
49,94,2,2,2,2,2,20,9767
33,62,2,2,2,2,2,21,6644
59,114,2,2,2,2,2,22,9739
42,80,2,2,2,2,2,23,7729
50,96,2,2,2,2,2,24,7534
48,92,2,2,2,2,2,25,10321
44,84,2,2,2,2,2,26,8145
47,90,2,2,2,2,2,27,7452
44,84,2,2,2,2,2,28,9907
44,84,2,2,2,2,2,29,9632
47,90,2,2,2,2,2,30,9889
49,94,2,2,2,2,2,31,7827
43,82,2,2,2,2,2,32,7510
45,86,2,2,2,2,2,33,9070
35,66,2,2,2,2,2,34,6748
49,94,2,2,2,2,2,35,7213
53,102,2,2,2,2,2,36,7577
44,84,2,2,2,2,2,37,9828
44,84,2,2,2,2,2,38,6793
59,114,2,2,2,2,2,39,8746
42,80,2,2,2,2,2,40,6997
47,90,2,2,2,2,2,41,7608
56,108,2,2,2,2,2,42,11805
44,84,2,2,2,2,2,43,8379
47,90,2,2,2,2,2,44,6948
53,102,2,2,2,2,2,45,11685
47,90,2,2,2,2,2,46,9199
47,90,2,2,2,2,2,47,10012
47,90,2,2,2,2,2,48,8818
47,90,2,2,2,2,2,49,10607
46,88,2,2,2,2,2,50,7610
54,104,2,2,2,2,2,51,10388
51,98,2,2,2,2,2,52,8962
45,86,2,2,2,2,2,53,9423
43,82,2,2,2,2,2,54,7548
50,96,2,2,2,2,2,55,10519
50,96,2,2,2,2,2,56,9314
43,82,2,2,2,2,2,57,8924
41,78,2,2,2,2,2,58,7506
52,100,2,2,2,2,2,59,8664
49,94,2,2,2,2,2,60,8884
50,96,2,2,2,2,2,61,9020
42,80,2,2,2,2,2,62,9117
51,98,2,2,2,2,2,63,7760
52,100,2,2,2,2,2,64,8106
50,96,2,2,2,2,2,65,8228
45,86,2,2,2,2,2,66,6831
46,88,2,2,2,2,2,67,7592
52,100,2,2,2,2,2,68,7186
40,76,2,2,2,2,2,69,7716
41,78,2,2,2,2,2,70,6008
47,90,2,2,2,2,2,71,8324
48,92,2,2,2,2,2,72,8538
50,96,2,2,2,2,2,73,8190
57,110,2,2,2,2,2,74,8848
49,94,2,2,2,2,2,75,6711
42,80,2,2,2,2,2,76,8687
46,88,2,2,2,2,2,77,7298
59,114,2,2,2,2,2,78,9977
41,78,2,2,2,2,2,79,8942
49,94,2,2,2,2,2,80,8197
55,106,2,2,2,2,2,81,8450
44,84,2,2,2,2,2,82,7446
55,106,2,2,2,2,2,83,10966
55,106,2,2,2,2,2,84,9963
48,92,2,2,2,2,2,85,10403
47,90,2,2,2,2,2,86,9098
54,104,2,2,2,2,2,87,9393
46,88,2,2,2,2,2,88,6047
53,102,2,2,2,2,2,89,11765
49,94,2,2,2,2,2,90,8175
50,96,2,2,2,2,2,91,7434
44,84,2,2,2,2,2,92,8690
54,104,2,2,2,2,2,93,9651
44,84,2,2,2,2,2,94,8185
47,90,2,2,2,2,2,95,10412
50,96,2,2,2,2,2,96,10818
49,94,2,2,2,2,2,97,9360
47,90,2,2,2,2,2,98,9023
43,82,2,2,2,2,2,99,9148
